524
596
4950
5773
6038
6165
7128
7175
7303
7316
7610
8375
8872
9448
9614
9656
9657
9784
10023
11039
11099
11201
11311
11898
12635
12804
12869
13050
13215
13216
13217
13218
13219
13223
13274
13356
13981
14087
14298
14300
14318
14323
14473
14525
15034
15453
16026
16177
16236
16276
16283
16306
16532
16533
16886
16887
16898
17094
18133
18134
18247
18271
18309
18373
18466
18504
18715
19505
19514
19631
19655
19752
19819
19862
19896
20163
20367
20373
20392
20720
20791
21227
21316
21376
21402
21419
21454
21463
21516
21626
21663
21885
21925
21979
22079
22100
22297
22330
22357
22446
22904
22943
22964
22994
23157
23159
23222
23223
23224
23229
23230
23287
23346
23393
23425
23512
23540
23543
23586
23642
23649
23691
23734
23808
23810
23817
23839
23878
23904
23951
23965
23966
24057
24105
24113
24114
24115
24150
24295
24355
24381
24382
24383
24409
24411
24426
24427
24512
24610
24689